[1, -82]
[1, -81]
[1, -79]
[1, -78]
[1, -79]
[1, -79]
[1, -74]
[1, -75]
[1, -74]
[1, -76]
[1, -74]
[1, -71]
[1, -69]
[1, -69]
[1, -71]
[1, -71]
[1, -71]
[1, -73]
[1, -70]
[1, -73]
[1, -68]
[1, -67]
[1, -67]
[1, -71]
[1, -69]
[1, -69]
[1, -66]
[1, -69]
[1, -68]
[1, -66]
[1, -68]
[1, -68]
[1, -67]
[1, -72]
[1, -74]
[1, -68]
[1, -68]
[1, -67]
[1, -70]
[1, -73]
[1, -74]
[1, -71]
[1, -73]
[1, -71]
[1, -76]
[1, -75]
[1, -73]
[1, -73]
[1, -75]
[1, -72]
[1, -71]
[1, -73]
[1, -75]
[1, -75]
[1, -77]
[1, -75]
[1, -78]
[1, -79]
[1, -79]
[1, -72]
[1, -71]
[1, -69]
[1, -71]
[1, -70]
[1, -72]
[1, -72]
[1, -73]
[1, -71]
[1, -72]
